4135.0
4920.0
4144.0
4998.0
4249.0
4734.0
3344.0
4384.0
4608.0
3713.0
3765.0
3413.0
3390.0
3268.0
3528.0
3390.0
3948.0
3416.0
3314.0
3918.0
4797.0
3452.0
4476.0
3960.0
3886.0
7030.0
4305.0
4234.0
5180.0
5531.0
5588.0
5505.0
5372.0
7182.0
5988.0
5440.0
4478.0
5340.0
4558.0
5058.0
3707.0
3871.0
3756.0
3743.0
3829.0
3867.0
3698.0
4040.0
3808.0
3845.0
3798.0
3757.0
4529.0
4207.0
4905.0
4068.0
4579.0
4004.0
5003.0
3788.0
4447.0
4144.0
4157.0
4030.0
3902.0
4449.0
4643.0
3992.0
4615.0
4072.0
4282.0
4610.0
4036.0
3772.0
4309.0
5480.0
6099.0
5081.0
4245.0
5393.0
4762.0
5500.0
4083.0
5099.0
4206.0
4224.0
4532.0
3718.0
4358.0
3724.0
3851.0
4329.0
3939.0
3754.0
4070.0
4091.0
3728.0
3858.0
4440.0
4276.0
4595.0
3746.0
4343.0
4130.0
4606.0
3644.0
4460.0
