8498.0
7625.0
8744.0
7921.0
9367.0
9433.0
8984.0
10063.0
9288.0
9423.0
8853.0
8420.0
8334.0
9304.0
8827.0
8994.0
8431.0
8480.0
8417.0
8995.0
8265.0
9533.0
9150.0
9594.0
14120.0
8862.0
13659.0
14083.0
8776.0
8276.0
8392.0
8252.0
8989.0
8180.0
8302.0
8084.0
8778.0
7768.0
8830.0
8572.0
8638.0
7742.0
9214.0
7724.0
9299.0
7695.0
9131.0
7812.0
8862.0
9124.0
9154.0
9273.0
9042.0
9276.0
9291.0
8942.0
8288.0
9118.0
8803.0
9061.0
13900.0
9683.0
8456.0
9476.0
8752.0
9673.0
9085.0
9196.0
8508.0
9491.0
8752.0
9304.0
8554.0
8820.0
8077.0
9834.0
9156.0
8056.0
8846.0
7839.0
9401.0
8559.0
8629.0
7727.0
8673.0
7601.0
10092.0
8489.0
9276.0
8346.0
8530.0
8224.0
9186.0
8631.0
8701.0
9118.0
8703.0
9407.0
8268.0
8857.0
9015.0
9561.0
8658.0
9644.0
9256.0
9205.0
8477.0
9531.0
8748.0
9782.0
