19171.0
17981.0
30915.0
29565.0
23557.0
21517.0
18888.0
20905.0
20776.0
20111.0
21231.0
20365.0
20620.0
18732.0
19199.0
19499.0
19368.0
18887.0
19219.0
19142.0
19104.0
19858.0
20734.0
19035.0
20683.0
18451.0
20305.0
19109.0
18991.0
18680.0
19737.0
18740.0
19786.0
18799.0
19389.0
20208.0
19377.0
19448.0
18981.0
20288.0
20046.0
29500.0
19895.0
18832.0
30268.0
19518.0
20138.0
19543.0
19300.0
19256.0
19849.0
18751.0
19218.0
19157.0
21035.0
19067.0
20715.0
20213.0
20130.0
18244.0
20093.0
19295.0
19028.0
18792.0
19335.0
19321.0
19982.0
18283.0
19943.0
20605.0
18833.0
18389.0
19673.0
18859.0
19040.0
18160.0
19086.0
19685.0
18807.0
19507.0
19839.0
20189.0
19767.0
20093.0
20457.0
19364.0
19541.0
22101.0
20080.0
19094.0
20152.0
20085.0
20892.0
18980.0
20064.0
19555.0
19002.0
18517.0
19422.0
19613.0
19017.0
18529.0
19354.0
20498.0
19720.0
18891.0
