29593.0
30939.0
30274.0
33625.0
33451.0
33419.0
30753.0
31369.0
33076.0
34899.0
32143.0
33260.0
32630.0
30939.0
31315.0
32702.0
32098.0
30935.0
30400.0
29505.0
31932.0
34046.0
49754.0
32945.0
52361.0
33750.0
32649.0
33405.0
33780.0
33147.0
33415.0
31065.0
31161.0
30634.0
33290.0
32039.0
31375.0
30971.0
30097.0
31174.0
33871.0
35470.0
33091.0
32907.0
33795.0
32952.0
32428.0
32840.0
32839.0
32456.0
31560.0
34615.0
36216.0
33389.0
33123.0
32104.0
29511.0
31047.0
35011.0
33125.0
32917.0
31045.0
31301.0
31534.0
31713.0
31714.0
32037.0
31432.0
31023.0
32586.0
30561.0
33789.0
46471.0
30739.0
30443.0
32595.0
30886.0
32245.0
30944.0
31654.0
31586.0
32289.0
31693.0
33323.0
30870.0
33241.0
31960.0
33081.0
31408.0
31614.0
31121.0
33316.0
32874.0
32434.0
31633.0
32683.0
32749.0
34064.0
30376.0
31953.0
31769.0
31470.0
31612.0
30935.0
31200.0
31788.0
34161.0
32337.0
32168.0
32391.0
31021.0
32034.0
33475.0
35935.0
33348.0
33533.0
32441.0
32749.0
32689.0
32032.0
32269.0
30367.0
47708.0
31750.0
