40088.0
39201.0
42099.0
40828.0
39866.0
40509.0
37394.0
38901.0
40702.0
41222.0
42215.0
40785.0
39715.0
39047.0
39157.0
38980.0
39149.0
40439.0
40513.0
38422.0
39836.0
39075.0
43611.0
60673.0
39559.0
40705.0
39819.0
42966.0
39900.0
41041.0
38076.0
41649.0
39710.0
62332.0
40329.0
61723.0
63886.0
63775.0
39845.0
39713.0
38652.0
40419.0
39250.0
39678.0
39419.0
38794.0
42194.0
40596.0
40962.0
40080.0
41619.0
40299.0
40561.0
39182.0
38938.0
39063.0
41044.0
40102.0
39848.0
41833.0
42078.0
40312.0
40420.0
40405.0
41752.0
39935.0
39995.0
40872.0
39197.0
39747.0
38879.0
38994.0
39205.0
39252.0
36876.0
39883.0
39400.0
43588.0
39849.0
39802.0
39615.0
40450.0
40367.0
40854.0
38839.0
41308.0
38487.0
40221.0
38536.0
42817.0
38001.0
41306.0
41495.0
41916.0
41432.0
41534.0
40452.0
40511.0
41520.0
41325.0
41093.0
39879.0
39913.0
43507.0
41419.0
39697.0
39456.0
40552.0
40411.0
40291.0
41076.0
40760.0
40351.0
39091.0
40440.0
38191.0
39415.0
40585.0
39683.0
39284.0
37710.0
40290.0
38209.0
42220.0
40253.0
38615.0
37518.0
39808.0
39531.0
39871.0
39929.0
40667.0
40583.0
38645.0
39827.0
38717.0
38429.0
41359.0
39390.0
40870.0
40139.0
38364.0
39856.0
41458.0
40675.0
42576.0
39851.0
41368.0
38601.0
38234.0
39836.0
41091.0
42776.0
40502.0
39306.0
42930.0
38340.0
40730.0
39270.0
39483.0
