1187261.0
604337.0
810692.0
1425309.0
1026602.0
1253077.0
700020.0
787711.0
1651167.0
685397.0
1564483.0
532105.0
699389.0
1481797.0
609339.0
693949.0
1523615.0
607569.0
1919216.0
759325.0
1989973.0
756174.0
1956803.0
799315.0
1852185.0
772280.0
1965766.0
668137.0
2014320.0
812021.0
2443734.0
2300779.0
2369309.0
2237118.0
2538973.0
2313063.0
2317387.0
2015807.0
554460.0
2108678.0
605977.0
2110397.0
2277964.0
2533312.0
2196453.0
2212357.0
2192030.0
2215048.0
2503680.0
2269915.0
