1643647.0
1503160.0
2362310.0
2102641.0
1916997.0
1087305.0
1795916.0
1048581.0
1915473.0
1256810.0
2066862.0
1712390.0
3013117.0
2387160.0
2197471.0
2362549.0
2169882.0
1536676.0
2684668.0
2486978.0
3127470.0
2859445.0
2671621.0
2610793.0
2558746.0
2503145.0
2553616.0
2401231.0
2214566.0
2668381.0
3329581.0
3214186.0
3067159.0
2847167.0
2551164.0
2390633.0
2951840.0
2918806.0
2520412.0
2520678.0
3134594.0
2981200.0
2706554.0
2980469.0
3041146.0
2885241.0
2735140.0
3162392.0
2422499.0
2503451.0
