2171752.0
2501133.0
2827643.0
3198638.0
3491571.0
3617562.0
3109411.0
3027277.0
3290459.0
2629327.0
2672307.0
2412542.0
2788299.0
2796943.0
3326288.0
2779978.0
2786303.0
3095395.0
3435767.0
3333336.0
3906493.0
2908261.0
3048083.0
3558518.0
4501342.0
4661897.0
3507624.0
3223642.0
3033514.0
2990151.0
3021060.0
2857829.0
3284390.0
3372789.0
3132760.0
3858021.0
4268134.0
4132325.0
3836387.0
2974529.0
4391286.0
3629647.0
3146664.0
2984667.0
3429669.0
3367647.0
3610125.0
3390383.0
3571992.0
3790135.0
