2731254.0
3616993.0
3087637.0
4563707.0
4434525.0
3391797.0
4948162.0
4387047.0
3141564.0
2875760.0
4685252.0
4006903.0
3517601.0
4290059.0
3681211.0
3815028.0
4361584.0
4469375.0
5401236.0
3867598.0
5338123.0
5034474.0
3573825.0
3354692.0
3380166.0
4212488.0
3841625.0
3840516.0
3638862.0
3320063.0
3600611.0
4068756.0
4109130.0
4067756.0
4397908.0
4745340.0
3896337.0
4046778.0
4933180.0
4676188.0
4406678.0
4385098.0
3951896.0
3805578.0
4394994.0
4057774.0
4320839.0
4784038.0
4172437.0
4115770.0
4254647.0
